0             0             
300000        194           
600000        256           
900000        308           
1200000       368           
1500000       455           
1800000       493           
2100000       540           
2400000       610           
2700000       662           
3000000       800           
3300000       865           
3600000       862           
3900000       938           
4200000       968           
4500000       1066          
4800000       1112          
5100000       1168          
5400000       1220          
5700000       1310          
6000000       1711          
6300000       1411          
6600000       1492          
6900000       1545          
7200000       1796          
7500000       1645          
7800000       2012          
8100000       2459          
8400000       2083          
8700000       1833          
9000000       2055          
9300000       1984          
9600000       2021          
9900000       2322          
10200000      2250          
10500000      3048          
10800000      2872          
11100000      3077          
11400000      2749          
11700000      2666          
12000000      2733          
12300000      4052          
12600000      2823          
12900000      2722          
13200000      2888          
13500000      3278          
13800000      3942          
14100000      3119          
14400000      3830          
14700000      3728          
15000000      4781          
