0             0             
300000        135           
600000        299           
900000        628           
1200000       783           
1500000       1030          
1800000       1275          
2100000       1490          
2400000       1819          
2700000       2098          
3000000       2668          
3300000       2746          
3600000       2800          
3900000       3065          
4200000       3417          
4500000       3606          
4800000       3765          
5100000       4012          
5400000       4366          
5700000       5122          
6000000       5311          
6300000       5144          
6600000       5343          
6900000       5995          
7200000       6115          
7500000       6022          
7800000       7015          
8100000       7183          
8400000       7079          
8700000       7327          
9000000       7525          
9300000       7631          
9600000       7641          
9900000       8594          
10200000      8359          
10500000      14467         
10800000      10567         
11100000      10534         
11400000      10292         
11700000      11247         
12000000      10716         
12300000      10990         
12600000      10506         
12900000      10727         
13200000      11093         
13500000      12652         
13800000      13134         
14100000      12603         
14400000      13545         
14700000      15323         
15000000      17139         
