0             0             
300000        281           
600000        591           
900000        862           
1200000       1533          
1500000       1146          
1800000       1430          
2100000       2908          
2400000       2149          
2700000       2536          
3000000       2495          
3300000       2770          
3600000       3070          
3900000       3435          
4200000       4122          
4500000       4106          
4800000       4237          
5100000       4640          
5400000       5664          
5700000       5290          
6000000       5446          
6300000       5677          
6600000       6034          
6900000       6390          
7200000       7126          
7500000       6928          
7800000       7332          
8100000       7340          
8400000       9440          
8700000       8471          
9000000       8319          
9300000       8799          
9600000       8957          
9900000       10146         
10200000      10853         
10500000      10706         
10800000      10375         
11100000      10407         
11400000      12062         
11700000      11427         
12000000      11878         
12300000      13063         
12600000      12162         
12900000      12583         
13200000      12971         
13500000      12877         
13800000      13852         
14100000      14115         
14400000      15862         
14700000      14686         
15000000      15795         
15300000      15061         
15600000      15249         
15900000      16417         
16200000      18499         
16500000      16293         
16800000      16311         
17100000      17625         
17400000      17878         
17700000      18141         
18000000      18774         
18300000      18475         
18600000      20221         
18900000      18569         
19200000      21246         
19500000      20313         
19800000      26109         
20100000      20661         
20400000      21429         
20700000      21378         
21000000      21607         
21300000      22086         
21600000      25279         
21900000      21240         
22200000      24240         
22500000      28959         
22800000      23445         
23100000      28052         
23400000      25312         
23700000      24676         
24000000      22984         
24300000      23082         
24600000      24425         
24900000      24087         
25200000      23908         
25500000      24789         
25800000      26592         
26100000      24925         
26400000      25282         
26700000      25538         
27000000      25663         
27300000      27526         
27600000      28019         
27900000      26602         
28200000      26780         
28500000      26772         
28800000      26959         
29100000      28273         
29400000      28903         
29700000      28529         
30000000      31186         
