0             0             
300000        446           
600000        760           
900000        692           
1200000       920           
1500000       580           
1800000       608           
2100000       1015          
2400000       754           
2700000       834           
3000000       911           
3300000       932           
3600000       989           
3900000       1059          
4200000       1148          
4500000       1508          
4800000       1249          
5100000       1424          
5400000       1591          
5700000       1591          
6000000       1631          
6300000       1581          
6600000       1653          
6900000       1754          
7200000       1940          
7500000       1902          
7800000       2053          
8100000       1971          
8400000       3244          
8700000       2133          
9000000       2286          
9300000       2279          
9600000       2308          
9900000       3075          
10200000      2622          
10500000      2748          
10800000      2914          
11100000      2711          
11400000      3934          
11700000      3310          
12000000      2975          
12300000      3596          
12600000      3334          
12900000      3464          
13200000      3219          
13500000      3223          
13800000      3405          
14100000      3506          
14400000      3594          
14700000      3695          
15000000      3674          
15300000      3766          
15600000      3783          
15900000      3902          
16200000      4343          
16500000      4014          
16800000      4229          
17100000      5090          
17400000      4222          
17700000      4896          
18000000      4497          
18300000      5556          
18600000      5192          
18900000      4528          
19200000      4922          
19500000      5101          
19800000      6568          
20100000      4997          
20400000      5316          
20700000      6592          
21000000      5349          
21300000      6525          
21600000      5416          
21900000      5197          
22200000      5266          
22500000      8404          
22800000      5868          
23100000      5598          
23400000      7074          
23700000      5710          
24000000      5728          
24300000      5546          
24600000      5952          
24900000      5683          
25200000      5733          
25500000      5834          
25800000      5814          
26100000      6530          
26400000      6018          
26700000      6216          
27000000      6103          
27300000      6221          
27600000      6355          
27900000      6323          
28200000      6405          
28500000      6616          
28800000      6587          
29100000      6983          
29400000      8713          
29700000      7016          
30000000      7561          
