0             500000        142           
1             500000        138           
2             500000        139           
3             500000        144           
4             500000        139           
5             500000        142           
6             500000        141           
7             500000        143           
8             500000        143           
9             500000        143           
10            500000        161           
11            500000        148           
12            500000        144           
13            500000        147           
14            500000        146           
15            500000        150           
16            500000        149           
17            500000        153           
18            500000        178           
19            500000        159           
20            500000        159           
21            500000        159           
22            500000        154           
23            500000        152           
24            500000        153           
25            500000        152           
26            500000        150           
27            500000        148           
28            500000        145           
29            500000        145           
30            500000        144           
31            500000        144           
32            500000        141           
33            500000        140           
34            500000        142           
35            500000        143           
36            500000        140           
37            500000        142           
38            500000        140           
39            500000        138           
40            500000        137           
