0             500000        26            
1             500000        26            
2             500000        25            
3             500000        25            
4             500000        25            
5             500000        26            
6             500000        25            
7             500000        26            
8             500000        26            
9             500000        26            
10            500000        26            
11            500000        27            
12            500000        27            
13            500000        27            
14            500000        28            
15            500000        28            
16            500000        28            
17            500000        35            
18            500000        29            
19            500000        31            
20            500000        39            
21            500000        31            
22            500000        31            
23            500000        29            
24            500000        28            
25            500000        27            
26            500000        26            
27            500000        26            
28            500000        26            
29            500000        24            
30            500000        25            
31            500000        24            
32            500000        24            
33            500000        24            
34            500000        24            
35            500000        23            
36            500000        23            
37            500000        23            
38            500000        23            
39            500000        24            
40            500000        23            
