0             0             
200000        6             
400000        3             
600000        9             
800000        4             
1000000       31            
1200000       19            
1400000       26            
1600000       37            
1800000       40            
2000000       60            
2200000       54            
2400000       3             
2600000       33            
2800000       55            
3000000       15            
3200000       44            
3400000       108           
3600000       104           
3800000       115           
4000000       43            
4200000       32            
4400000       51            
4600000       15            
4800000       106           
5000000       166           
5200000       168           
5400000       41            
5600000       112           
5800000       69            
6000000       201           
6200000       139           
6400000       192           
6600000       201           
6800000       119           
7000000       27            
7200000       234           
7400000       203           
7600000       61            
7800000       36            
8000000       215           
8200000       176           
8400000       178           
8600000       281           
8800000       198           
9000000       267           
9200000       280           
9400000       9             
9600000       150           
9800000       73            
10000000      71            
10200000      45            
10400000      240           
10600000      448           
10800000      128           
11000000      142           
11200000      413           
11400000      84            
11600000      423           
11800000      298           
12000000      154           
12200000      10            
12400000      360           
12600000      93            
12800000      56            
13000000      415           
13200000      86            
13400000      364           
13600000      113           
13800000      10            
14000000      67            
14200000      92            
14400000      70            
14600000      313           
14800000      103           
15000000      435           
15200000      225           
15400000      382           
15600000      542           
15800000      277           
16000000      562           
16200000      67            
16400000      390           
16600000      467           
16800000      327           
17000000      481           
17200000      294           
17400000      215           
17600000      650           
17800000      4             
18000000      77            
18200000      369           
18400000      69            
18600000      543           
18800000      188           
19000000      333           
19200000      505           
19400000      347           
19600000      15            
19800000      604           
20000000      626           
