0             0             
200000        14            
400000        9             
600000        23            
800000        11            
1000000       72            
1200000       42            
1400000       59            
1600000       86            
1800000       91            
2000000       134           
2200000       119           
2400000       8             
2600000       77            
2800000       123           
3000000       36            
3200000       105           
3400000       251           
3600000       232           
3800000       272           
4000000       98            
4200000       73            
4400000       115           
4600000       35            
4800000       250           
5000000       379           
5200000       313           
5400000       89            
5600000       228           
5800000       169           
6000000       571           
6200000       315           
6400000       430           
6600000       453           
6800000       277           
7000000       62            
7200000       527           
7400000       462           
7600000       137           
7800000       81            
8000000       487           
8200000       376           
8400000       392           
8600000       616           
8800000       460           
9000000       618           
9200000       692           
9400000       21            
9600000       363           
9800000       165           
10000000      163           
10200000      111           
10400000      581           
10600000      744           
10800000      333           
11000000      288           
11200000      846           
11400000      181           
11600000      1054          
11800000      693           
12000000      344           
12200000      22            
12400000      999           
12600000      197           
12800000      126           
13000000      906           
13200000      207           
13400000      810           
13600000      250           
13800000      21            
14000000      133           
14200000      206           
14400000      162           
14600000      648           
14800000      237           
15000000      999           
15200000      501           
15400000      871           
15600000      1235          
15800000      642           
16000000      1264          
16200000      149           
16400000      841           
16600000      1058          
16800000      638           
17000000      1133          
17200000      641           
17400000      465           
17600000      1367          
17800000      9             
18000000      179           
18200000      844           
18400000      161           
18600000      1216          
18800000      419           
19000000      700           
19200000      1157          
19400000      819           
19600000      34            
19800000      1344          
20000000      1415          
