0             0             
200000        15            
400000        8             
600000        17            
800000        36            
1000000       63            
1200000       27            
1400000       26            
1600000       77            
1800000       97            
2000000       174           
2200000       70            
2400000       8             
2600000       40            
2800000       85            
3000000       90            
3200000       57            
3400000       320           
3600000       189           
3800000       236           
4000000       71            
4200000       42            
4400000       131           
4600000       27            
4800000       148           
5000000       352           
5200000       456           
5400000       101           
5600000       116           
5800000       108           
6000000       221           
6200000       391           
6400000       317           
6600000       242           
6800000       402           
7000000       29            
7200000       306           
7400000       326           
7600000       178           
7800000       290           
8000000       419           
8200000       226           
8400000       264           
8600000       541           
8800000       505           
9000000       791           
9200000       494           
9400000       634           
9600000       513           
9800000       140           
10000000      190           
10200000      95            
10400000      559           
10600000      759           
10800000      338           
11000000      112           
11200000      1434          
11400000      93            
11600000      688           
11800000      520           
12000000      264           
12200000      999           
12400000      741           
12600000      443           
12800000      105           
13000000      833           
13200000      158           
13400000      732           
13600000      169           
13800000      12            
14000000      142           
14200000      116           
14400000      73            
14600000      693           
14800000      836           
15000000      312           
15200000      1385          
15400000      951           
15600000      584           
15800000      254           
16000000      860           
16200000      106           
16400000      864           
16600000      1216          
16800000      662           
17000000      859           
17200000      184           
17400000      320           
17600000      486           
17800000      9             
18000000      784           
18200000      956           
18400000      179           
18600000      1281          
18800000      352           
19000000      826           
19200000      770           
19400000      807           
19600000      579           
19800000      1310          
20000000      378           
