0             0             
200000        23            
400000        51            
600000        78            
800000        120           
1000000       141           
1200000       175           
1400000       209           
1600000       245           
1800000       285           
2000000       326           
2200000       361           
2400000       404           
2600000       448           
2800000       495           
3000000       539           
3200000       586           
3400000       625           
3600000       677           
3800000       722           
4000000       774           
4200000       819           
4400000       866           
4600000       922           
4800000       962           
5000000       1043          
5200000       1120          
5400000       1113          
5600000       1188          
5800000       1261          
6000000       1287          
6200000       1374          
6400000       1384          
6600000       1439          
6800000       1487          
7000000       1535          
7200000       1591          
7400000       1673          
7600000       1714          
7800000       1753          
8000000       1811          
8200000       1882          
8400000       1998          
8600000       1989          
8800000       2035          
9000000       2097          
9200000       2151          
9400000       2217          
9600000       2252          
9800000       2330          
10000000      2377          
10200000      2434          
10400000      2487          
10600000      2574          
10800000      2463          
11000000      2511          
11200000      2621          
11400000      2640          
11600000      2749          
11800000      2772          
12000000      2849          
12200000      2877          
12400000      2938          
12600000      3001          
12800000      3071          
13000000      3121          
13200000      3176          
13400000      3239          
13600000      3295          
13800000      3339          
14000000      3413          
14200000      3475          
14400000      3530          
14600000      3576          
14800000      3864          
15000000      3810          
15200000      3890          
15400000      3963          
15600000      4051          
15800000      4091          
16000000      4133          
16200000      4212          
16400000      4253          
16600000      4346          
16800000      4385          
17000000      4301          
17200000      4373          
17400000      4427          
17600000      4399          
17800000      4475          
18000000      4513          
18200000      4719          
18400000      4635          
18600000      4724          
18800000      4837          
19000000      4882          
19200000      4882          
19400000      5003          
19600000      5070          
19800000      5065          
20000000      5177          
