0             0             
200000        103           
400000        267           
600000        473           
800000        644           
1000000       875           
1200000       1077          
1400000       1301          
1600000       1539          
1800000       1775          
2000000       2036          
2200000       2308          
2400000       2566          
2600000       2849          
2800000       3121          
3000000       3415          
3200000       3693          
3400000       3971          
3600000       4322          
3800000       4550          
4000000       4837          
4200000       5149          
4400000       5476          
4600000       5726          
4800000       6111          
5000000       7048          
5200000       6794          
5400000       7024          
5600000       8144          
5800000       7631          
6000000       7970          
6200000       8304          
6400000       8632          
6600000       8932          
6800000       9406          
7000000       9663          
7200000       10091         
7400000       10309         
7600000       10763         
7800000       11198         
8000000       11478         
8200000       11700         
8400000       12076         
8600000       12886         
8800000       12824         
9000000       13213         
9200000       13575         
9400000       13932         
9600000       14318         
9800000       14735         
10000000      15089         
10200000      15526         
10400000      16216         
10600000      17184         
10800000      17333         
11000000      17997         
11200000      18397         
11400000      18742         
11600000      19321         
11800000      19719         
12000000      19894         
12200000      20253         
12400000      21010         
12600000      21131         
12800000      21788         
13000000      22202         
13200000      22791         
13400000      23138         
13600000      23516         
13800000      23551         
14000000      24525         
14200000      24730         
14400000      25448         
14600000      25602         
14800000      25748         
15000000      26161         
15200000      26700         
15400000      27066         
15600000      27759         
15800000      28574         
16000000      28396         
16200000      28716         
16400000      29476         
16600000      30234         
16800000      30651         
17000000      31683         
17200000      31918         
17400000      32325         
17600000      33119         
17800000      33710         
18000000      33992         
18200000      34497         
18400000      35210         
18600000      35632         
18800000      36272         
19000000      36492         
19200000      37140         
19400000      37754         
19600000      38297         
19800000      38881         
20000000      39330         
