0             0             
200000        90            
400000        227           
600000        381           
800000        551           
1000000       750           
1200000       984           
1400000       1118          
1600000       1336          
1800000       1543          
2000000       1754          
2200000       1980          
2400000       2208          
2600000       2463          
2800000       2725          
3000000       2968          
3200000       3210          
3400000       3519          
3600000       3730          
3800000       4042          
4000000       4235          
4200000       4502          
4400000       4734          
4600000       5031          
4800000       5318          
5000000       5931          
5200000       5904          
5400000       6138          
5600000       6493          
5800000       6691          
6000000       7001          
6200000       7266          
6400000       7634          
6600000       7822          
6800000       8171          
7000000       8560          
7200000       8831          
7400000       9089          
7600000       9449          
7800000       9713          
8000000       10154         
8200000       10344         
8400000       10721         
8600000       10986         
8800000       11371         
9000000       11740         
9200000       11999         
9400000       12360         
9600000       12659         
9800000       13045         
10000000      13302         
10200000      13811         
10400000      13998         
10600000      15089         
10800000      15415         
11000000      15755         
11200000      16224         
11400000      16622         
11600000      16946         
11800000      17308         
12000000      17837         
12200000      18274         
12400000      18741         
12600000      19034         
12800000      19285         
13000000      20069         
13200000      20252         
13400000      20480         
13600000      20951         
13800000      21282         
14000000      21658         
14200000      22533         
14400000      22750         
14600000      23202         
14800000      23238         
15000000      23173         
15200000      23487         
15400000      23990         
15600000      24445         
15800000      24807         
16000000      25169         
16200000      25693         
16400000      26019         
16600000      26523         
16800000      26886         
17000000      27965         
17200000      28553         
17400000      29149         
17600000      29738         
17800000      30124         
18000000      30501         
18200000      30817         
18400000      31291         
18600000      32020         
18800000      32007         
19000000      32909         
19200000      33252         
19400000      33705         
19600000      34206         
19800000      34574         
20000000      35237         
