0             450000        112           
1             450000        115           
2             450000        114           
3             450000        110           
4             450000        117           
5             450000        113           
6             450000        116           
7             450000        117           
8             450000        115           
9             450000        116           
10            450000        113           
11            450000        124           
12            450000        120           
13            450000        121           
14            450000        126           
15            450000        126           
16            450000        140           
17            450000        135           
18            450000        140           
19            450000        136           
20            450000        143           
21            450000        154           
22            450000        155           
23            450000        158           
24            450000        173           
25            450000        168           
26            450000        175           
27            450000        183           
28            450000        181           
29            450000        188           
30            450000        210           
31            450000        207           
32            450000        223           
33            450000        237           
34            450000        240           
35            450000        250           
36            450000        261           
37            450000        272           
38            450000        283           
39            450000        305           
40            450000        324           
41            450000        324           
42            450000        358           
43            450000        374           
44            450000        408           
45            450000        436           
46            450000        400           
47            450000        356           
48            450000        354           
49            450000        334           
50            450000        331           
51            450000        308           
52            450000        282           
53            450000        278           
54            450000        275           
55            450000        248           
56            450000        262           
57            450000        242           
58            450000        222           
59            450000        212           
60            450000        208           
61            450000        188           
62            450000        184           
63            450000        174           
64            450000        168           
65            450000        166           
66            450000        159           
67            450000        148           
68            450000        158           
69            450000        137           
70            450000        147           
71            450000        136           
72            450000        133           
73            450000        129           
74            450000        117           
75            450000        143           
76            450000        141           
77            450000        134           
78            450000        123           
79            450000        117           
80            450000        112           
81            450000        109           
82            450000        116           
83            450000        113           
84            450000        113           
85            450000        116           
86            450000        108           
87            450000        106           
88            450000        107           
89            450000        106           
90            450000        104           
