0             450000        113           
1             450000        106           
2             450000        105           
3             450000        110           
4             450000        110           
5             450000        107           
6             450000        110           
7             450000        113           
8             450000        108           
9             450000        116           
10            450000        110           
11            450000        114           
12            450000        111           
13            450000        112           
14            450000        112           
15            450000        125           
16            450000        123           
17            450000        133           
18            450000        128           
19            450000        136           
20            450000        131           
21            450000        144           
22            450000        146           
23            450000        148           
24            450000        145           
25            450000        154           
26            450000        161           
27            450000        170           
28            450000        165           
29            450000        174           
30            450000        189           
31            450000        190           
32            450000        193           
33            450000        202           
34            450000        222           
35            450000        231           
36            450000        227           
37            450000        244           
38            450000        264           
39            450000        265           
40            450000        274           
41            450000        295           
42            450000        314           
43            450000        322           
44            450000        344           
45            450000        362           
46            450000        332           
47            450000        307           
48            450000        290           
49            450000        292           
50            450000        262           
51            450000        269           
52            450000        251           
53            450000        249           
54            450000        233           
55            450000        220           
56            450000        226           
57            450000        212           
58            450000        197           
59            450000        187           
60            450000        179           
61            450000        174           
62            450000        189           
63            450000        164           
64            450000        151           
65            450000        153           
66            450000        142           
67            450000        138           
68            450000        133           
69            450000        132           
70            450000        135           
71            450000        124           
72            450000        126           
73            450000        120           
74            450000        118           
75            450000        115           
76            450000        135           
77            450000        130           
78            450000        128           
79            450000        115           
80            450000        110           
81            450000        105           
82            450000        106           
83            450000        112           
84            450000        114           
85            450000        106           
86            450000        109           
87            450000        106           
88            450000        103           
89            450000        97            
90            450000        101           
