0             450000        39            
1             450000        39            
2             450000        39            
3             450000        38            
4             450000        39            
5             450000        39            
6             450000        39            
7             450000        40            
8             450000        38            
9             450000        40            
10            450000        40            
11            450000        43            
12            450000        40            
13            450000        39            
14            450000        41            
15            450000        40            
16            450000        40            
17            450000        42            
18            450000        43            
19            450000        43            
20            450000        42            
21            450000        49            
22            450000        46            
23            450000        45            
24            450000        45            
25            450000        47            
26            450000        50            
27            450000        49            
28            450000        50            
29            450000        50            
30            450000        51            
31            450000        50            
32            450000        50            
33            450000        54            
34            450000        54            
35            450000        57            
36            450000        56            
37            450000        57            
38            450000        55            
39            450000        60            
40            450000        60            
41            450000        62            
42            450000        68            
43            450000        68            
44            450000        67            
45            450000        74            
46            450000        68            
47            450000        64            
48            450000        61            
49            450000        64            
50            450000        62            
51            450000        61            
52            450000        58            
53            450000        56            
54            450000        56            
55            450000        57            
56            450000        52            
57            450000        53            
58            450000        55            
59            450000        51            
60            450000        49            
61            450000        48            
62            450000        46            
63            450000        51            
64            450000        46            
65            450000        44            
66            450000        44            
67            450000        43            
68            450000        44            
69            450000        42            
70            450000        44            
71            450000        43            
72            450000        42            
73            450000        42            
74            450000        40            
75            450000        41            
76            450000        44            
77            450000        48            
78            450000        46            
79            450000        48            
80            450000        41            
81            450000        39            
82            450000        44            
83            450000        39            
84            450000        41            
85            450000        47            
86            450000        41            
87            450000        41            
88            450000        42            
89            450000        40            
90            450000        40            
