0             0             0             0             
5000          31            6249284       6254272       
10000         127           25102210      25112199      
15000         290           56035730      56050716      
20000         516           100876546     100896537     
25000         801           155422760     155447748     
30000         1177          226731493     226761482     
35000         1604          307079361     307114349     
40000         2088          398354568     398394555     
45000         2698          506148706     506193697     
50000         3422          625258905     625308893     
55000         4038          754219834     754274823     
60000         4794          899108052     899168045     
65000         5636          1054233954    1054298941    
70000         6620          1226093638    1226163623    
75000         7563          1410156119    1410231111    
80000         8604          1600589702    1600669687    
85000         9686          1803313918    1803398912    
90000         10922         2027048729    2027138715    
95000         12107         2256318047    2256413032    
100000        13645         2507459705    2507559700    
105000        14942         2763198520    2763303508    
110000        16455         3029349583    3029459572    
115000        17897         3308586497    3308701487    
120000        19544         3605325056    3605445042    
125000        21204         3907655661    3907780648    
130000        22907         4231814945    4231944934    
135000        24670         4570601720    4570736710    
140000        26617         4902998938    4903138924    
145000        28636         5268057072    5268202060    
150000        30484         5620441630    5620591617    
155000        32716         6021239894    6021394887    
160000        34633         6389872595    6390032582    
165000        37186         6798915829    6799080819    
170000        39196         7227987682    7228157666    
175000        41715         7648632015    7648807000    
180000        44216         8080476425    8080656415    
185000        46824         8562172182    8562357173    
190000        49431         9038828089    9039018077    
195000        52157         9508781397    9508976387    
200000        55302         10012093964   10012293956   
205000        57958         10519367479   10519572468   
210000        60791         11015674284   11015884267   
215000        63666         11522038645   11522253638   
220000        66613         12095129021   12095349006   
225000        69936         12625507606   12625732598   
230000        73608         13210627346   13210857335   
235000        82025         13801640750   13801875734   
240000        80761         14405765746   14406005736   
245000        84672         15017786076   15018031065   
250000        87973         15643410722   15643660709   
255000        92602         16231925318   16232180311   
260000        95389         16896120338   16896380325   
265000        99835         17567955156   17568220138   
270000        103895        18227323181   18227593170   
275000        108348        18936091033   18936366017   
280000        111083        19578216175   19578496158   
285000        116136        20292305459   20292590451   
290000        121698        21031593183   21031883167   
295000        124724        21716313011   21716607999   
300000        128943        22483800155   22484100137   
305000        134347        23261861061   23262166051   
310000        140440        24064017487   24064327477   
315000        143993        24803431342   24803746325   
320000        149216        25595769113   25596089099   
325000        153769        26393867960   26394192948   
330000        159217        27217229770   27217559751   
335000        164353        28066813455   28067148437   
340000        170310        28949045567   28949385558   
345000        174459        29733354115   29733699100   
350000        180724        30637887621   30638237606   
355000        184942        31474104596   31474459583   
360000        191221        32431368593   32431728583   
365000        196111        33262015094   33262380076   
370000        203649        34217785806   34218155789   
375000        207781        35116157213   35116532199   
380000        214651        36114520374   36114900364   
385000        219624        37037805764   37038190745   
390000        226491        37992164832   37992554821   
395000        233241        39011809918   39012204900   
400000        238876        39994526125   39994926112   
405000        245568        40998155299   40998560283   
410000        252935        41974144785   41974554775   
415000        258576        43017150988   43017565970   
420000        265592        44094064784   44094484768   
425000        273573        45099374951   45099799935   
430000        280161        46164049043   46164479030   
435000        287291        47315995052   47316430036   
440000        294646        48349801884   48350241868   
445000        301807        49510507020   49510952004   
450000        309441        50594675878   50595125862   
455000        317370        51758208125   51758663112   
460000        322163        52826642096   52827102084   
465000        333217        54022968961   54023433949   
470000        335609        55144437173   55144907161   
475000        346328        56400311184   56400786167   
480000        356229        57615206266   57615686254   
485000        360273        58793709550   58794194535   
490000        370654        59960695099   59961185082   
495000        380974        61291654155   61292149145   
