0             0             0             0             
5000          28            6249285       54494         
10000         112           25102220      119011        
15000         254           56035755      187335        
20000         460           100876587     257981        
25000         700           155422825     330802        
30000         1027          226731580     404660        
35000         1391          307079482     479792        
40000         1810          398354744     555910        
45000         2300          506148898     633255        
50000         2879          625259176     711198        
55000         3439          754220140     790187        
60000         4094          899108404     869211        
65000         4802          1054234358    949187        
70000         5609          1226094134    1029548       
75000         6467          1410156705    1110591       
80000         7320          1600590339    1191963       
85000         8257          1803314610    1274037       
90000         9313          2027049510    1356596       
95000         10338         2256318938    1439555       
100000        11516         2507460714    1522778       
105000        12668         2763199615    1606121       
110000        13912         3029350798    1690286       
115000        15205         3308587873    1774235       
120000        16530         3605326497    1858644       
125000        18007         3907657186    1943588       
130000        19327         4231816573    2028196       
135000        20856         4570603488    2113329       
140000        22365         4903000825    2198631       
145000        24108         5268059183    2284634       
150000        25797         5620443829    2370792       
155000        27694         6021242299    2457033       
160000        29478         6389875130    2543829       
165000        31299         6798918595    2630749       
170000        33120         7227990634    2717946       
175000        35012         7648635110    2804958       
180000        37038         8080479672    2892954       
185000        39400         8562175717    2980521       
190000        41596         9038831598    3068868       
195000        43841         9508785150    3157038       
200000        46182         10012097944   3245803       
205000        48851         10519371597   3334070       
210000        50902         11015678620   3422655       
215000        53379         11522043362   3511386       
220000        55774         12095133977   3600323       
225000        58321         12625512714   3689185       
230000        61032         13210632611   3778968       
235000        64351         13801646334   3867815       
240000        67729         14405771541   3957336       
245000        69807         15017792053   4047160       
250000        72831         15643416956   4136885       
255000        75877         16231931874   4226933       
260000        78939         16896127118   4316598       
265000        82090         17567962207   4406573       
270000        85086         18227330353   4497040       
275000        88670         18936098547   4587181       
280000        91846         19578223996   4677957       
285000        95024         20292313579   4768260       
290000        99191         21031601509   4859618       
295000        102299        21716321732   4950348       
300000        106184        22483809173   5041576       
305000        109881        23261870358   5132786       
310000        113693        24064027056   5224289       
315000        117402        24803441242   5316150       
320000        121521        25595779184   5407905       
325000        124985        26393878666   5499370       
330000        129151        27217240729   5591809       
335000        133213        28066824728   5683406       
340000        137846        28949057115   5775903       
345000        141519        29733366183   5868055       
350000        145955        30637899810   5960832       
355000        149689        31474117382   6053156       
360000        155404        32431381449   6146187       
365000        159070        33262028736   6238545       
370000        163016        34217799365   6331540       
375000        166830        35116171310   6424433       
380000        172556        36114534745   6517705       
385000        176806        37037820649   6610313       
390000        181305        37992180342   6704087       
395000        186555        39011825485   6797372       
400000        190950        39994542140   6891004       
405000        195407        40998171863   6984209       
410000        201555        41974161521   7078068       
415000        205601        43017168216   7171246       
420000        211391        44094082527   7265292       
425000        216605        45099392989   7359567       
430000        221989        46164067502   7452864       
435000        227476        47316013961   7546936       
440000        232418        48349821151   7641374       
445000        239118        49510526658   7734719       
450000        244443        50594695947   7828772       
455000        250017        51758228724   7922853       
460000        254900        52826663136   8017024       
465000        261444        54022990677   8111867       
470000        264695        55144459422   8206213       
475000        273059        56400333663   8300203       
480000        278613        57615229286   8395348       
485000        282142        58793732827   8489659       
490000        289736        59960718980   8584593       
495000        296555        61291678562   8678951       
