0             0             0             0             
5000          58            6249284       12497500      
10000         246           25102210      49995000      
15000         567           56035730      112492500     
20000         1007          100876546     199990000     
25000         1580          155422760     312487500     
30000         2290          226731493     449985000     
35000         3125          307079361     612482500     
40000         4081          398354568     799980000     
45000         5239          506148706     1012477500    
50000         6441          625258905     1249975000    
55000         7793          754219834     1512472500    
60000         9263          899108052     1799970000    
65000         10868         1054233954    2112467500    
70000         12675         1226093638    2449965000    
75000         14579         1410156119    2812462500    
80000         16608         1600589702    3199960000    
85000         18703         1803313918    3612457500    
90000         21483         2027048729    4049955000    
95000         23406         2256318047    4512452500    
100000        25957         2507459705    4999950000    
105000        28732         2763198520    5512447500    
110000        31543         3029349583    6049945000    
115000        34517         3308586497    6612442500    
120000        37671         3605325056    7199940000    
125000        40888         3907655661    7812437500    
130000        44320         4231814945    8449935000    
135000        47181         4570601720    9112432500    
140000        50880         4902998938    9799930000    
145000        54961         5268057072    10512427500   
150000        58676         5620441630    11249925000   
155000        62978         6021239894    12012422500   
160000        66806         6389872595    12799920000   
165000        70668         6798915829    13612417500   
170000        75678         7227987682    14449915000   
175000        79665         7648632015    15312412500   
180000        84338         8080476425    16199910000   
185000        89731         8562172182    17112407500   
190000        94999         9038828089    18049905000   
195000        100408        9508781397    19012402500   
200000        106445        10012093964   19999900000   
205000        111471        10519367479   21012397500   
210000        117025        11015674284   22049895000   
215000        122909        11522038645   23112392500   
220000        128939        12095129021   24199890000   
225000        134170        12625507606   25312387500   
230000        140809        13210627346   26449885000   
235000        146810        13801640750   27612382500   
240000        154560        14405765746   28799880000   
245000        161679        15017786076   30012377500   
250000        167914        15643410722   31249875000   
255000        175030        16231925318   32512372500   
260000        181833        16896120338   33799870000   
265000        189288        17567955156   35112367500   
270000        197155        18227323181   36449865000   
275000        204239        18936091033   37812362500   
280000        212166        19578216175   39199860000   
285000        219916        20292305459   40612357500   
290000        229385        21031593183   42049855000   
295000        236349        21716313011   43512352500   
300000        245339        22483800155   44999850000   
305000        254263        23261861061   46512347500   
310000        262728        24064017487   48049845000   
315000        271452        24803431342   49612342500   
320000        280149        25595769113   51199840000   
325000        290220        26393867960   52812337500   
330000        306388        27217229770   54449835000   
335000        308389        28066813455   56112332500   
340000        317721        28949045567   57799830000   
345000        327683        29733354115   59512327500   
350000        336705        30637887621   61249825000   
355000        345757        31474104596   63012322500   
360000        357152        32431368593   64799820000   
365000        366380        33262015094   66612317500   
370000        377487        34217785806   68449815000   
375000        387144        35116157213   70312312500   
380000        397922        36114520374   72199810000   
385000        409859        37037805764   74112307500   
390000        420699        37992164832   76049805000   
395000        429658        39011809918   78012302500   
400000        441820        39994526125   79999800000   
405000        452879        40998155299   82012297500   
410000        463876        41974144785   84049795000   
415000        476197        43017150988   86112292500   
420000        488934        44094064784   88199790000   
425000        500216        45099374951   90312287500   
430000        514057        46164049043   92449785000   
435000        523182        47315995052   94612282500   
440000        535433        48349801884   96799780000   
445000        548028        49510507020   99012277500   
450000        562543        50594675878   101249775000  
455000        576345        51758208125   103512272500  
460000        592063        52826642096   105799770000  
465000        601980        54022968961   108112267500  
470000        612886        55144437173   110449765000  
475000        624785        56400311184   112812262500  
480000        639694        57615206266   115199760000  
485000        652657        58793709550   117612257500  
490000        662007        59960695099   120049755000  
495000        680674        61291654155   122512252500  
