0             0             0             49999         
1             0             254           50253         
2             0             1399          51398         
3             0             7406          57405         
4             0             23103         73102         
5             0             51356         101355        
6             0             92003         142002        
7             0             145127        195126        
8             1             212195        262194        
9             1             301683        351682        
10            2             418239        468238        
11            2             560358        610357        
12            3             732225        782224        
13            4             935891        985890        
14            5             1174737       1224736       
15            7             1457266       1507265       
16            8             1788701       1838700       
17            10            2162637       2212636       
18            13            2586566       2636565       
19            15            3061267       3111266       
20            18            3589014       3639013       
21            20            4177816       4227815       
22            23            4823654       4873653       
23            27            5525902       5575901       
24            31            6286157       6336156       
25            34            7115036       7165035       
26            40            8012024       8062023       
27            44            8977066       9027065       
28            51            10011630      10061629      
29            59            11122563      11172562      
30            61            12318961      12368959      
31            68            13608827      13658825      
32            76            14994723      15044721      
33            82            16472744      16522742      
34            92            18047675      18097673      
35            101           19731790      19781788      
36            111           21529696      21579694      
37            120           23432666      23482664      
38            129           25454109      25504107      
39            150           27587107      27637105      
40            152           29846258      29896256      
41            164           32232033      32282031      
42            177           34745209      34795207      
43            192           37400217      37450215      
44            207           40204398      40254396      
45            222           43148400      43198398      
46            238           46245046      46295044      
47            255           49492630      49542628      
48            271           52904330      52954328      
49            291           56469394      56519392      
50            308           60197234      60247232      
51            333           64098594      64148592      
52            353           68181703      68231701      
53            376           72452285      72502283      
54            393           76906336      76956334      
55            430           81553338      81603336      
56            450           86390830      86440828      
57            466           91435680      91485678      
58            503           96691799      96741797      
59            523           102160308     102210306     
60            557           107852088     107902086     
61            591           113769595     113819593     
62            625           119920551     119970549     
63            651           126314181     126364179     
64            687           132974772     133024770     
65            730           139896086     139946084     
66            757           147074318     147124316     
67            808           154536231     154586229     
68            842           162280955     162330953     
69            884           170309419     170359417     
70            936           178637304     178687302     
71            980           187279683     187329681     
72            1033          196226423     196276421     
73            1074          205480068     205530066     
74            1132          215067520     215117518     
75            1173          225007222     225057220     
76            1241          235305537     235355535     
77            1294          245972577     246022575     
78            1344          257014788     257064786     
79            1417          268420288     268470286     
80            1482          280229677     280279675     
81            1547          292451375     292501373     
82            1612          305069702     305119700     
83            1682          318104927     318154925     
84            1734          331587845     331637843     
85            1827          345514412     345564410     
86            1887          359915883     359965880     
87            1968          374790519     374840516     
88            2064          390149005     390199002     
89            2129          406012640     406062637     
90            2227          422431451     422481448     
91            2305          439428122     439478119     
92            2403          457018296     457068293     
93            2527          475250353     475300350     
94            2618          494179498     494229494     
95            2711          513832334     513882330     
96            2804          534203647     534253643     
97            2912          555385408     555435403     
98            3039          577479637     577529631     
99            3166          600555058     600605051     
100           3301          624796133     624846121     
101           3430          649078117     649127632     
102           3551          672111164     672160209     
103           3671          694182238     694230807     
104           3817          715376155     715424248     
105           3934          735742926     735790536     
106           4025          755354485     755401622     
107           4121          774264151     774310810     
108           4239          792493080     792539268     
109           4308          810087741     810133447     
110           4432          827084595     827129831     
111           4503          843505469     843550225     
112           4582          859366724     859410998     
113           4671          874684621     874728413     
114           4693          889490601     889533916     
115           4754          903826374     903869215     
116           4908          917690399     917732767     
117           5047          931083335     931125225     
118           5070          944033846     944075266     
119           5165          956568354     956609301     
120           5216          968702447     968742921     
121           5228          980432839     980472839     
122           5298          991777176     991816696     
123           5410          1002750980    1002790029    
124           5480          1013367880    1013406457    
125           5488          1023644239    1023682336    
126           5591          1033565948    1033603575    
127           5520          1043133152    1043170309    
128           5578          1052358329    1052395005    
129           5603          1061268473    1061304672    
130           5642          1069850129    1069885857    
131           5691          1078129417    1078164664    
132           5740          1086117498    1086152275    
133           5766          1093813806    1093848104    
134           5831          1101231344    1101265159    
135           5869          1108395059    1108428400    
136           5951          1115314879    1115347749    
137           6001          1121971973    1122004371    
138           6042          1128386048    1128417978    
139           6053          1134574932    1134606386    
140           6068          1140527936    1140558921    
141           6101          1146256679    1146287185    
142           6114          1151771059    1151801088    
143           6100          1157074420    1157103969    
144           6109          1162171701    1162200780    
145           6170          1167076684    1167105301    
146           6208          1171792377    1171820510    
147           6228          1176314660    1176342324    
148           6234          1180646210    1180673401    
149           6245          1184792534    1184819249    
150           6276          1188764279    1188790521    
151           6322          1192560655    1192586420    
152           6278          1196180123    1196205418    
153           6364          1199633774    1199658588    
154           6392          1202931131    1202955467    
155           6365          1206061472    1206085334    
156           6404          1209038018    1209061404    
157           6440          1211878516    1211901437    
158           6402          1214579325    1214601767    
159           6419          1217134326    1217156299    
160           6447          1219561475    1219582964    
161           6491          1221860816    1221881830    
162           6448          1224041092    1224061628    
163           6511          1226110078    1226130142    
164           6545          1228070943    1228090525    
165           6533          1229925955    1229945061    
166           6596          1231668931    1231687556    
167           6542          1233295151    1233313309    
168           6522          1234808520    1234826193    
169           6551          1236220497    1236237688    
170           6672          1237532080    1237548785    
171           6568          1238752397    1238768621    
172           6591          1239892822    1239908562    
173           6599          1240956937    1240972200    
174           6578          1241949623    1241964412    
175           6592          1242866562    1242880880    
176           6575          1243711963    1243725802    
177           6576          1244483278    1244496649    
178           6633          1245180880    1245193773    
179           6704          1245812475    1245824888    
180           6642          1246381388    1246393323    
181           6692          1246894162    1246905615    
182           6676          1247349630    1247360603    
183           6673          1247754384    1247764874    
184           6685          1248115036    1248125048    
185           6681          1248434207    1248443747    
186           6687          1248718936    1248727996    
187           6682          1248970055    1248978640    
188           6649          1249187006    1249195115    
189           6695          1249372528    1249380150    
190           6739          1249525906    1249533052    
191           6696          1249651377    1249658045    
192           6662          1249747835    1249754022    
193           6701          1249822386    1249828095    
194           6731          1249878030    1249883255    
195           6650          1249919177    1249923932    
196           6613          1249946522    1249950797    
197           6668          1249963991    1249967743    
198           6713          1249971195    1249974300    
199           6638          1249972369    1249974911    
200           6669          1249972531    1249974921    
