0             1528          0             1249975000    
1             1544          254           1249975000    
2             1536          1399          1249975000    
3             1534          7406          1249975000    
4             1549          23103         1249975000    
5             1543          51356         1249975000    
6             1535          92003         1249975000    
7             1548          145127        1249975000    
8             1558          212195        1249975000    
9             1540          301683        1249975000    
10            1546          418239        1249975000    
11            1548          560358        1249975000    
12            1540          732225        1249975000    
13            1562          935891        1249975000    
14            1544          1174737       1249975000    
15            1558          1457266       1249975000    
16            1558          1788701       1249975000    
17            1559          2162637       1249975000    
18            1565          2586566       1249975000    
19            1579          3061267       1249975000    
20            1567          3589014       1249975000    
21            1582          4177816       1249975000    
22            1567          4823654       1249975000    
23            1599          5525902       1249975000    
24            1606          6286157       1249975000    
25            1622          7115036       1249975000    
26            1617          8012024       1249975000    
27            1629          8977066       1249975000    
28            1634          10011630      1249975000    
29            1658          11122563      1249975000    
30            1671          12318961      1249975000    
31            1689          13608827      1249975000    
32            1711          14994723      1249975000    
33            1754          16472744      1249975000    
34            1747          18047675      1249975000    
35            1778          19731790      1249975000    
36            1789          21529696      1249975000    
37            1810          23432666      1249975000    
38            1852          25454109      1249975000    
39            2120          27587107      1249975000    
40            1926          29846258      1249975000    
41            1915          32232033      1249975000    
42            1946          34745209      1249975000    
43            1983          37400217      1249975000    
44            2010          40204398      1249975000    
45            2045          43148400      1249975000    
46            2087          46245046      1249975000    
47            2107          49492630      1249975000    
48            2150          52904330      1249975000    
49            2172          56469394      1249975000    
50            2215          60197234      1249975000    
51            2286          64098594      1249975000    
52            2333          68181703      1249975000    
53            2367          72452285      1249975000    
54            2420          76906336      1249975000    
55            2476          81553338      1249975000    
56            2534          86390830      1249975000    
57            2590          91435680      1249975000    
58            2639          96691799      1249975000    
59            2685          102160308     1249975000    
60            2750          107852088     1249975000    
61            2827          113769595     1249975000    
62            2910          119920551     1249975000    
63            2977          126314181     1249975000    
64            3018          132974772     1249975000    
65            3091          139896086     1249975000    
66            3184          147074318     1249975000    
67            3233          154536231     1249975000    
68            3332          162280955     1249975000    
69            3392          170309419     1249975000    
70            3467          178637304     1249975000    
71            3574          187279683     1249975000    
72            3679          196226423     1249975000    
73            3759          205480068     1249975000    
74            3849          215067520     1249975000    
75            3933          225007222     1249975000    
76            4008          235305537     1249975000    
77            4122          245972577     1249975000    
78            4192          257014788     1249975000    
79            4293          268420288     1249975000    
80            4398          280229677     1249975000    
81            4490          292451375     1249975000    
82            4565          305069702     1249975000    
83            4688          318104927     1249975000    
84            4783          331587845     1249975000    
85            4841          345514412     1249975000    
86            4951          359915883     1249975000    
87            5078          374790519     1249975000    
88            5149          390149005     1249975000    
89            5266          406012640     1249975000    
90            5348          422431451     1249975000    
91            5462          439428122     1249975000    
92            5548          457018296     1249975000    
93            5713          475250353     1249975000    
94            5828          494179498     1249975000    
95            5925          513832334     1249975000    
96            5977          534203647     1249975000    
97            6084          555385408     1249975000    
98            6203          577479637     1249975000    
99            6274          600555058     1249975000    
100           6362          624796133     1249975000    
101           6304          649078117     1249975000    
102           6278          672111164     1249975000    
103           6250          694182238     1249975000    
104           6275          715376155     1249975000    
105           6253          735742926     1249975000    
106           6256          755354485     1249975000    
107           6206          774264151     1249975000    
108           6175          792493080     1249975000    
109           6151          810087741     1249975000    
110           6142          827084595     1249975000    
111           6149          843505469     1249975000    
112           6076          859366724     1249975000    
113           6082          874684621     1249975000    
114           6033          889490601     1249975000    
115           6014          903826374     1249975000    
116           6078          917690399     1249975000    
117           6084          931083335     1249975000    
118           6072          944033846     1249975000    
119           6054          956568354     1249975000    
120           6055          968702447     1249975000    
121           6048          980432839     1249975000    
122           6091          991777176     1249975000    
123           6050          1002750980    1249975000    
124           6057          1013367880    1249975000    
125           6036          1023644239    1249975000    
126           6056          1033565948    1249975000    
127           5925          1043133152    1249975000    
128           5985          1052358329    1249975000    
129           5966          1061268473    1249975000    
130           5925          1069850129    1249975000    
131           5942          1078129417    1249975000    
132           5978          1086117498    1249975000    
133           6097          1093813806    1249975000    
134           5977          1101231344    1249975000    
135           5961          1108395059    1249975000    
136           6007          1115314879    1249975000    
137           6037          1121971973    1249975000    
138           6046          1128386048    1249975000    
139           6029          1134574932    1249975000    
140           6050          1140527936    1249975000    
141           6053          1146256679    1249975000    
142           6057          1151771059    1249975000    
143           6023          1157074420    1249975000    
144           6058          1162171701    1249975000    
145           6055          1167076684    1249975000    
146           6078          1171792377    1249975000    
147           6061          1176314660    1249975000    
148           6113          1180646210    1249975000    
149           6072          1184792534    1249975000    
150           6115          1188764279    1249975000    
151           6072          1192560655    1249975000    
152           6065          1196180123    1249975000    
153           6132          1199633774    1249975000    
154           6113          1202931131    1249975000    
155           6137          1206061472    1249975000    
156           6138          1209038018    1249975000    
157           6154          1211878516    1249975000    
158           6128          1214579325    1249975000    
159           6141          1217134326    1249975000    
160           6160          1219561475    1249975000    
161           6201          1221860816    1249975000    
162           6162          1224041092    1249975000    
163           6202          1226110078    1249975000    
164           6219          1228070943    1249975000    
165           6189          1229925955    1249975000    
166           6230          1231668931    1249975000    
167           6213          1233295151    1249975000    
168           6233          1234808520    1249975000    
169           6259          1236220497    1249975000    
170           6406          1237532080    1249975000    
171           6230          1238752397    1249975000    
172           6246          1239892822    1249975000    
173           6245          1240956937    1249975000    
174           6290          1241949623    1249975000    
175           6270          1242866562    1249975000    
176           6354          1243711963    1249975000    
177           6266          1244483278    1249975000    
178           6242          1245180880    1249975000    
179           6333          1245812475    1249975000    
180           6321          1246381388    1249975000    
181           6339          1246894162    1249975000    
182           6298          1247349630    1249975000    
183           6320          1247754384    1249975000    
184           6303          1248115036    1249975000    
185           6325          1248434207    1249975000    
186           6278          1248718936    1249975000    
187           6284          1248970055    1249975000    
188           6323          1249187006    1249975000    
189           6300          1249372528    1249975000    
190           6336          1249525906    1249975000    
191           6317          1249651377    1249975000    
192           6336          1249747835    1249975000    
193           6324          1249822386    1249975000    
194           6316          1249878030    1249975000    
195           6378          1249919177    1249975000    
196           6258          1249946522    1249975000    
197           6209          1249963991    1249975000    
198           6301          1249971195    1249975000    
199           6258          1249972369    1249975000    
200           6254          1249972531    1249975000    
