0             2             2469          685314        
1             2             2723          685315        
2             2             3868          685319        
3             2             9875          685323        
4             2             25572         685333        
5             2             53825         685341        
6             2             94472         685356        
7             2             147596        685379        
8             3             214664        685405        
9             3             304152        685425        
10            3             420708        685439        
11            4             562827        685463        
12            5             734694        685499        
13            6             938360        685515        
14            7             1177206       685606        
15            9             1459735       685653        
16            10            1791170       685720        
17            11            2165106       685736        
18            13            2589035       685787        
19            15            3063736       685819        
20            17            3591483       685878        
21            20            4180285       685917        
22            23            4826123       685979        
23            26            5528371       686024        
24            30            6288626       686073        
25            32            7117505       686164        
26            37            8014493       686252        
27            41            8979535       686352        
28            46            10014099      686434        
29            51            11125032      686584        
30            56            12321430      686679        
31            63            13611296      686849        
32            69            14997192      687024        
33            76            16475213      687115        
34            83            18050144      687196        
35            90            19734259      687300        
36            98            21532165      687326        
37            106           23435135      687389        
38            117           25456578      687437        
39            124           27589576      687513        
40            136           29848727      687540        
41            147           32234502      687688        
42            159           34747678      687725        
43            170           37402686      687932        
44            183           40206867      688102        
45            195           43150869      688254        
46            221           46247515      688308        
47            225           49495099      688591        
48            246           52906799      688737        
49            257           56471863      688923        
50            274           60199703      689182        
51            290           64101063      689335        
52            309           68184172      689666        
53            328           72454754      689807        
54            343           76908805      690108        
55            369           81555807      690326        
56            388           86393299      690605        
57            409           91438149      690908        
58            433           96694268      691232        
59            456           102162777     691558        
60            483           107854557     691951        
61            517           113772064     692192        
62            544           119923020     692631        
63            568           126316650     692982        
64            597           132977241     693391        
65            626           139898555     693810        
66            657           147076787     694091        
67            704           154538700     694288        
68            732           162283424     694348        
69            771           170311888     694596        
70            806           178639773     694749        
71            849           187282152     694908        
72            894           196228892     695099        
73            933           205482537     695338        
74            979           215069989     695563        
75            1016          225009691     695858        
76            1072          235308006     696192        
77            1114          245975046     696377        
78            1165          257017257     696714        
79            1222          268422757     697091        
80            1276          280232146     697348        
81            1326          292453844     697811        
82            1387          305072171     698108        
83            1453          318107396     698623        
84            1496          331590314     699105        
85            1567          345516881     699437        
86            1640          359918352     699968        
87            1688          374792988     700396        
88            1766          390151474     700915        
89            1851          406015109     701458        
90            1906          422433920     702005        
91            1986          439430591     702616        
92            2057          457020765     703424        
93            2144          475252822     704243        
94            2268          494181967     704894        
95            2344          513834803     705667        
96            2438          534206116     706494        
97            2512          555387877     707617        
98            2620          577482106     708597        
99            2696          600557527     709816        
100           2815          624798602     711211        
101           2931          649080586     711638        
102           3024          672113633     711656        
103           3145          694184707     712144        
104           3256          715378624     712219        
105           3374          735745395     712536        
106           3457          755356954     712711        
107           3522          774266620     712989        
108           3638          792495549     712926        
109           3706          810090210     713342        
110           3756          827087064     713726        
111           3854          843507938     713969        
112           3922          859369193     714182        
113           3953          874687090     714373        
114           4019          889493070     714433        
115           4094          903828843     714487        
116           4189          917692868     714371        
117           4267          931085804     714832        
118           4309          944036315     715244        
119           4360          956570823     715556        
120           4428          968704916     716122        
121           4497          980435308     716219        
122           4517          991779645     716529        
123           4587          1002753449    716706        
124           4619          1013370349    716772        
125           4653          1023646708    716947        
126           4667          1033568417    717266        
127           4702          1043135621    717307        
128           4728          1052360798    717452        
129           4743          1061270942    717754        
130           4809          1069852598    717632        
131           4827          1078131886    717639        
132           4884          1086119967    717810        
133           4941          1093816275    717812        
134           4920          1101233813    718341        
135           4991          1108397528    718636        
136           5054          1115317348    719332        
137           5079          1121974442    719606        
138           5126          1128388517    719761        
139           5153          1134577401    720421        
140           5194          1140530405    720669        
141           5212          1146259148    720902        
142           5169          1151773528    721255        
143           5207          1157076889    721445        
144           5221          1162174170    721751        
145           5251          1167079153    721876        
146           5247          1171794846    722268        
147           5301          1176317129    722370        
148           5309          1180648679    722508        
149           5279          1184795003    722681        
150           5312          1188766748    722991        
151           5320          1192563124    723278        
152           5343          1196182592    723138        
153           5354          1199636243    723334        
154           5412          1202933600    723424        
155           5415          1206063941    723450        
156           5417          1209040487    723714        
157           5467          1211880985    723716        
158           5441          1214581794    723762        
159           5456          1217136795    723691        
160           5495          1219563944    723949        
161           5458          1221863285    724049        
162           5901          1224043561    723993        
163           5504          1226112547    724010        
164           5511          1228073412    723924        
165           5568          1229928424    723868        
166           5605          1231671400    724332        
167           5594          1233297620    724653        
168           5537          1234810989    725042        
169           5574          1236222966    725953        
170           5580          1237534549    725913        
171           5551          1238754866    726171        
172           5589          1239895291    727031        
173           5584          1240959406    727554        
174           5603          1241952092    727891        
175           5758          1242869031    728333        
176           5590          1243714432    728560        
177           5615          1244485747    728781        
178           5596          1245183349    729124        
179           5656          1245814944    729840        
180           5632          1246383857    729962        
181           5657          1246896631    730332        
182           5652          1247352099    730492        
183           5628          1247756853    730610        
184           5646          1248117505    731138        
185           5618          1248436676    731101        
186           5652          1248721405    731631        
187           5633          1248972524    732163        
188           5562          1249189475    732195        
189           5635          1249374997    732239        
190           5673          1249528375    732452        
191           5653          1249653846    732792        
192           5641          1249750304    733042        
193           5673          1249824855    733347        
194           5661          1249880499    733454        
195           5637          1249921646    733750        
196           5559          1249948991    733751        
197           5572          1249966460    734058        
198           5732          1249973664    734459        
199           5632          1249974838    734465        
200           5578          1249975000    734465        
